-0.2959079153592374
0.3123973124585554
0.45642912926654355
#######
0.9425988596412931
-0.6814416584897653
-0.5718913200820501
-0.06396071614826271
0.18747342058354563
-0.3795442312627477
-0.5828772418464067
#######
1.0595031641150146
-0.14066687585227577
0.29834922453338075
0.24387707899387956
-0.6200206222279621
-0.08460151818562238
1.0244101985899827
#######
0.41205802235659994
-0.6173365669614055
0.029093092921191388
1.2477098623797547
-0.1985277929725664
-0.1960958704840547
0.6058573766158544
-0.2815321011633761
1.0728900620687898
0.5350240051880228
0.702528781484004
#######
0.824604265753028
0.5269360759525499
-0.26001158286915327
0.622556616432174
0.5130582926001315
-0.5033214240366712
0.8402035780722151
-0.5366252260530032
-0.2725825036424279
-0.014649397380859849
-0.7905545270062342
-0.4831333199853548
-0.41190498239618833
0.423538997075196
-0.2941603712920141
0.18639348031586792
#######
-0.08085487805830141
0.27566240023127087
-0.23747082076566495
-1.8059610359497291
-0.14438146081011047
0.20991532923201248
-0.04409557142259339
-1.0648361785983889
#######
-0.6443027835804163
1.005118934266718
-0.5335864613908308
0.6945464574077546
0.6438313645015304
0.5924576429350192
-0.29094799499870744
0.47088851756742583
-0.8454113090350492
0.21173721014924396
#######
#######
#######
1.9027331902991267
1.115618406078458
-2.0226119014537796
#######
0.30241027010913113
-0.2837618043642984
#######
-1.1442417785865582
0.20040897601895702
0.5993557854037654
0.15485575744258712
0.8131676543856758
-0.2210643750386652
-1.3136785137608575
-0.04303530494538636
0.02514860595922263
#######
-0.1688809595518502
-0.02419896897746107
0.34234025499461923
0.5735948606105166
-0.1955198617058853
0.17099572687280873
-0.24415907773222117
-0.5539221745591879
-0.8062862007926914
0.6223574503103817
-0.5019340195904831
0.5966987029656748
0.6162807678526803
0.6679822632474586
-1.026042480510522
-0.1269512579218156
0.6109650140116092
-0.9545098340209135
0.172528108663772
#######
#######
-0.2462430838664289
-0.8042934695785984
-1.950962968186587E-4
#######
0.9437604263585039
-0.9905947666646912
0.41047156313287664
-0.3525340964737913
0.2595525420198412
-0.17928450920512007
#######
-0.13087255855251106
-0.5786989550711721
-0.31940870857653736
#######
-0.6924898880276207
-0.03652101091537731
0.38087198466263283
0.6455557371827185
0.11616930024697873
#######
-0.8199086320200859
0.740867679400016
-0.3059712620895117
-1.6274637228137903
-0.08786624760920168
1.1447112754413697
0.6953927551588064
-0.2739760796228314
-1.3731221628243993
0.16833849294349235
-0.6023523319268593
#######
-0.281915711131067
-0.55250336224729
-0.13073430482974144
0.9172704794682589
0.8721402302244156
-0.2733249670649039
-1.0616470733174317
0.7938421009195107
-0.3750370435307878
-0.6645677233470915
-0.7407242327212743
0.4247187859002587
-0.06742690318329057
-0.311276091596864
0.23465854241819983
-0.3816692689028275
-0.21905184216281837
1.4354056112070215
-0.20307592411033784
#######
-1.0945035993370174
-0.3311161930974011
0.2891726544708587
1.6413716479371219
0.07720812959384662
1.0599167203048536
-0.313840229659526
-0.16509273800939472
-0.5369525214135754
1.8244237668116086
0.44657202023744025
0.28179547315616027
-0.42906152152091387
-0.7247728077800951
0.5653277355762684
-1.202742146983301
#######
0.24765403506080177
0.22980326630318085
-0.8210044672830452
0.5680994971503844
-1.180903995974029
-0.35747200069353713
-0.23417851661856628
-1.0492507569201142
0.18877777839888704
-0.11790768966792321
0.25164906905694756
0.754186922916309
-0.029106927107308
0.5006368523743848
-0.32312037476916855
0.21622569860719093
-0.5088264538464525
-0.4865085391373598
-0.28996648582473517
#######
-1.861729180622877
#######
0.1835731180399781
0.4102981726568066
-0.07548748783970825
#######
-0.5356082534097234
0.20565591706844516
0.1869106985245509
1.3600094021379847
0.6556109333562841
0.15639638456534066
0.9627173913698079
1.0650343185680065
0.10866973672230253
0.8356811832279201
-0.18179071081386797
-0.4710526135692279
1.073707681735975
-0.22503132753888228
#######
-0.5879984459341405
0.28115750223203456
#######
0.6650256322110414
#######
1.0408370697365432
-0.299798493046728
0.1365429337703309
0.6883545359241391
1.2191007354283578
0.7052947417802713
#######
-0.7820423164935009
0.29458023062503813
-1.5315949257458876
#######
-0.6080019551431755
0.49112217998812824
0.32572654934294987
#######
0.908359087110741
-0.34585887030364126
0.022019486196519708
1.584978576411801
0.24695820938870383
-0.22438671823885437
-0.1811393552114076
1.2474925544028574
-1.1576760415513951
0.42557953881735855
-1.4131697519114754
-0.026788934536621345
0.24731322948271897
#######
0.02252892745150176
-0.48950632677299855
0.12652108432716452
0.29950267040388345
-0.4634202179245638
-0.916339825405165
#######
0.8312705238997443
-0.11069115844170856
-0.07528933544143972
#######
0.217175593198699
-0.045570893027523415
0.22713248179240042
-0.6518013446745823
-0.8934182175214239
0.17537460103513458
1.308478798775324
0.0755689142891226
0.5121026278749784
#######
0.06327526916479748
-0.9650418560324462
1.336196870854694
-0.1354890457830734
#######
0.9506798398386322
-0.6423114424239824
#######
0.18934755931052002
-0.8885029032358135
#######
-0.5623126936483761
-0.4804521116679087
-0.022333882752438153
-0.4004321881778554
0.09321699598706913
0.7782914728913833
-0.2759853011511161
#######
-0.6668445332758874
#######
-0.5984772186388683
0.24857597532792902
-1.3027066418631816
1.1171543167551103
0.29199459661049565
-1.1570335484676881
#######
0.7090415179228025
-0.3759990775346447
0.3161539697789678
#######
0.1938987048971161
-0.43609293077888706
0.21383167291299793
#######
-0.2709358502035063
-0.9150447263780495
0.10236216104174523
0.3081973795389841
#######
0.7154487950259119
-0.8397922118661633
-0.1579366096586871
0.4455619274510898
-0.3571007997554204
#######
-0.7960680058771887
-0.2527955886540127
-0.38595088774981356
-1.9763270498303898
0.07182813166964688
-0.9309868995193916
0.5008273824738384
-0.07619306058825594
-0.6641498390143273
-0.17250748194130688
0.25275967943218625
-0.152318761625733
0.8309764360910701
-0.5110259930439983
-0.15623541935600008
-0.11819877985938126
0.29019506736370204
0.39660704331250207
0.8472431685059701
1.4058762584933246
-0.07620311147005975
-0.04974137888853576
-0.5172562623317196
-0.056556922771379234
0.14114643590075496
0.43995027419551247
-1.1186606284067975
0.8220227878401499
-0.16482986294614232
1.0219913503874074
0.825838292928064
#######
0.7544163465959488
-0.32634812598096385
0.2645638380531824
0.3640379754573418
0.07381391822419175
0.24955271407431326
0.454086511396964
0.3523326972503603
-0.692445462079213
0.12682687140869256
0.011494066054319615
#######
0.018957780329222712
-0.46145310433525816
0.4702158394626974
0.37056332703500894
0.1041471056847633
0.23041603333191904
1.8757347219164
0.856408827682548
0.6400400177130332
0.24025379195071603
0.5907142969301828
0.29187540244031895
0.1375984800727068
-1.1281158663411182
-0.40262450510970604
-0.31158204656940003
-0.784302134113876
-0.6660858052082189
-0.8119637477572312
0.3395258364364421
0.10176200142483464
#######
0.3531189625286307
-0.2919942449353097
-1.0260766539211397
0.3877900369918081
-1.8979489662037927
0.8658948978776819
0.286054017865011
0.7303989602468145
-0.6597392214755451
0.39883067490944135
-0.5165635902061056
-0.9780879128374105
0.25398700773594696
-0.11634775287152407
#######
0.21349910664615077
0.57980571821895
-0.6620293616711416
-0.28340351096527244
0.4165727957664477
1.1571075963307647
-0.7061809486169706
0.3207232246222306
1.0541514089866306
-0.6620284460330493
-0.1745933944101227
-0.01233960043025148
0.6504795949861875
-0.8421618841558896
0.28669574104674167
1.1388356534467656
0.36244196439071685
-0.09176699545865852
0.8413737570252524
0.6629096849606967
0.41713760252780374
0.18353580882493314
0.15889974454101
-0.7114572272066532
1.7821538120601323
-0.27743166313399825
#######
0.5933450213668493
0.6625829870887852
0.012402249441502283
0.1515420278440168
0.19617127632952724
-0.7060858036160818
-0.2884971181141898
-0.9525519244279258
-0.17533428784543434
-0.41259359419758584
-0.2218120465744934
1.4234131070788092
0.770047261526368
0.6355241250735275
#######
-0.5528769730330205
0.24087810781249913
0.3709883444277898
-0.9244307166930817
-0.6429728941861218
-0.12435820871121335
#######
0.1004424054843606
0.9305075380925559
0.2821205215368315
-1.361218931178844
0.24209166423999723
1.5590524496493035
-0.40682515178569245
#######
-0.7421108941757002
0.03325725301759673
-0.4560702454332115
#######
-1.0388863470750571
#######
-0.8272891659288626
0.06691966217781439
-0.5253941667885004
-0.720929369988832
-0.13326083359885985
-0.9350717844982749
-0.002966978390011546
0.017732982404441128
0.822516773046229
2.148054826681117
0.6506764324777213
-0.09840235072391959
-0.26510402173496334
-0.6643730289455685
0.21284602872843614
0.07532303769190044
#######
-0.7600054648195805
0.14306275689145542
-0.07760785136352503
0.3817613353125283
0.494847137252849
-0.617299729058162
-1.3412966193721931
-0.025655188716372915
0.7034186551433514
0.347132198781068
0.9249973259831806
0.016772008801327953
-0.654539791713319
-0.08082973281480128
0.6122782108512899
0.5201485416132926
-1.0257827482849564
1.8864184374271467
#######
-0.6226689348322507
-0.5012818784346876
#######
0.701276308893866
-0.3062124425524272
0.5451597631867308
0.12202446071444273
0.4612542757500254
-0.6159957115316315
0.9314373764454672
0.6010399777156972
-0.0063332907345193395
0.8556737133105787
-0.37897260525666615
-0.47478447251291067
0.22442583311186942
-0.08313245001752159
0.6229708056444552
0.17510434096640964
0.3580134155861414
-0.3685254761210765
-0.8356587240392354
-0.912709593050824
0.22636096723314114
0.3539643994006903
#######
1.02929144902891
0.3433363287812542
-0.5883677279634842
-1.5455592158593492
-1.0236305520567244
0.017884148839293148
-0.04813969381608288
-0.5333636172398958
-0.48613821559780585
-0.2772774856155715
0.01809086552007557
-0.8267363107532031
-0.7077771566150046
0.9019776308927401
-1.1453459403038007
-0.32722854732038104
-0.2291273885783762
-1.2713767274765233
0.18803642630563702
#######
-0.811824130629034
-0.7830655897512934
0.6264732908558098
0.32372247046248814
-0.10931557865657487
0.3724468346288255
-0.34851950197532255
0.07266510008142757
#######
-0.5342340425866205
1.1786852103083487
-1.3800028179468884
0.6215022014853662
-0.35399464766909317
#######
0.3303998329436444
-0.6635028121300207
0.448700050700235
-0.4512222927346202
-0.43997968028942114
0.0043194788902486125
0.33815830447685613
0.21233950335576116
-0.7229815589996073
#######
-0.0927452781410363
0.5899282737270839
0.5524866405691534
#######
-0.16042746007804487
0.09046222690342688
-0.0705246180697825
1.2472595062271676
-0.38487640913886834
0.056003241457540966
-0.705229324816047
-1.1942988766305414
-0.434938419075289
#######
1.2338496104770909
-0.18867578165987903
-0.26480237316175864
0.5801539632543544
-0.2761222653457739
-0.9713642294483589
0.9920844457014373
-0.07381722526843484
0.180475489568252
-0.26103351048760187
-0.4366009571766393
0.8840472107096582
-0.2672071786687246
0.30338063958608064
0.15387306925512376
-0.5119778328404397
0.44178951392499277
1.5063392726107434
-0.04969081206220373
-0.17731151671185197
-1.5331556391115062
-0.9886686965883371
-0.42082310031479697
-0.4754672449620751
0.5129853871092995
0.38376733407931385
-0.7301021142515288
0.697429667898642
1.1171211782778596
0.9182358374093914
-0.4011748137436402
#######
0.1425098166577814
0.3288102493316029
-0.8384195919242252
#######
-0.8421856589696605
-0.6096580021210629
0.37788183774930706
-0.2337537667501332
-0.2817659544553689
-0.3442016611001156
0.518848744337463
-0.048510365128183464
-0.47448526864733487
1.014043317690708
0.6103575855693096
#######
0.906485432237246
-0.4002910786371866
-0.551925408865347
0.45064429380585724
#######
