-0.20147916298037732
1.753229225549015
-0.1802460093206175
-0.9414579866649896
0.31178049870131336
-0.8698029386681159
0.2165738408847888
0.2711809394328889
-0.14887927097137002
-0.38634791177110184
-0.11702064715603953
0.7688131594012138
0.4198095519373018
0.25783556339091984
0.41384199928556725
0.5511955282317422
0.41240928224050455
-0.28666019566520773
0.44506462172802025
-0.2646547306348905
0.9317574644298307
-0.3168579399587528
0.673277492586641
-0.36025360514576293
0.3487805917537591
0.6678112854569838
-0.8101515846887279
-0.541630557728425
1.1948521404470611
-0.019325860409197745
0.30935690328956233
0.6042595348437216
0.9449655417903793
-0.6234892295825248
0.23774039079122317
0.06625371499753996
0.49099764961303316
0.6512572487489996
0.28301565555130226
-0.17425433646614666
0.7395118104000507
-1.043872762027476
0.952188475875686
-0.1616387366531073
0.7188946059840255
-0.38167133836581085
-0.12212849422268146
0.6978519229965856
0.7441650312946237
0.4715274329397263
-0.8315886872799862
0.062358379730827085
-0.2994235457512986
-1.0735087626508641
0.21227513474406057
0.2057153594834576
-0.6567185399428013
-0.3625323218792828
0.18248732727705408
0.6000017079766621
-0.7889623970957524
-0.21338498291175642
-0.18454320472857938
0.43641682598427933
1.8788518209946088
-0.1253332421244459
0.22522941406646985
-0.29030998514910533
-0.5667523213806742
1.2146150680490273
1.1260011469048476
-0.4695349317496359
-0.28886667348268835
0.409188621148229
-0.2139998255998921
-0.6016412265982927
-0.6778144092800064
0.25541416113499477
-0.22878378579554914
-0.38313911648559157
-0.14538918163092146
0.7282354574697926
0.16245950212265414
0.6349157745799113
0.378100045414947
0.02705465048039679
0.3675696279230154
0.3964548380420043
-0.3216772634105427
-0.2979182940425605
1.2004868473171868
0.53214364097841
-0.855982401352017
0.08473770468320123
-0.5163841649866544
-0.13897595013215802
-0.9021281018981266
-0.6752032261369675
1.4906497940297463
-0.5379092450450059
-1.1186247829762774
0.5405236565476447
-0.19835431840684392
-0.13048366488427265
-0.5645304501950887
0.6238430452855226
-0.8575952073627775
0.05938880777459298
0.4991225516753593
-0.021718299938804253
0.3579746912102273
0.8974455097529693
-0.702628604721778
-0.35967918169775315
-0.8103626426811459
-0.05594662133947916
0.8620792475701314
-0.2673149440093767
-0.29872014415819104
0.25044426678277304
-0.24588214206803052
-1.0600343781248556
-2.0380522061823094
-1.0787102182464203
-0.4357398841336123
0.5360781662904481
-0.223580030497923
-0.00399090758055376
0.012443549036929673
0.5259627794438996
-0.5512492240243347
0.5035989662399434
0.3108509473758498
0.415133123121031
-0.502990686089075
0.5849528305870315
0.10948770534420843
-0.6685546604093064
0.8620660791500592
-0.3572642648554346
0.47431340556888535
-0.5918710751191708
0.5266533003481768
-0.06521074210199551
-0.16160920692963557
-1.089376038784888
-0.6841101059712884
-0.25539400907758614
-1.0491197779556762
-0.7497849364311118
-0.6196852429140597
0.05928279241253037
-0.36154532937150763
0.7776000706010593
0.7176327519790513
-0.22007842085979668
-0.4707503291721895
-1.8917635337778418
-0.08438703501532173
1.3666231083891827
-0.6970879126084931
0.3356660483259312
0.13349945749116043
0.43145806768586875
0.5220869875182574
-0.09336215754420721
-0.5899925319704575
-0.3100399713977873
-0.4160536724636225
1.0050992965088492
0.7063960690511707
0.6193258915431082
-0.7067618960603504
0.08209950264548366
-0.24945740334976105
-0.674793007636296
0.28706371666982544
-0.1763152336578096
0.1618033591144835
0.3811342614003089
0.8213755304879984
-0.31436284044219676
0.7537393644854578
0.10956587752174977
0.853909123708344
-0.6355815114962845
-1.0232787481911405
-0.31980094280440824
-0.37149065906493206
0.4136871431236858
-0.20021368102803228
-1.4975937559754702
-0.8381248445666619
-0.538887025851927
-0.5900261606241677
-0.9334722860248708
-0.1552574589143137
0.20646103267398352
0.3676621625641071
0.39711296229508664
0.2887145774344012
-1.029413109522094
0.3476077211777679
0.09240323545220414
0.6270049821910321
-0.4950069771055626
0.37113645840004056
0.29337985706615805
-0.44680724726884335
0.5025977464116814
-0.25636542167981285
-0.023599288407026298
0.07084751045007762
-1.2886728022772422
0.9974716639263121
0.9954140275772343
0.5145172729033848
-1.0605619473789094
-1.6329796348201875
0.9996317347452861
0.12076713033973056
0.7328395994357377
-0.2662016395245037
-0.18943694724201104
-0.4486284586402302
0.23033271331569127
0.2170566826919369
-0.3343440295896249
-0.9508360674685553
0.09497184155163402
-1.3485224770308808
0.6198754638400894
-0.9100326595062163
-0.9915393143457526
-0.13489030764459853
-0.30760462816135864
-0.7571963947875031
-0.22822075222141636
0.001162406146658114
-0.23920186458456094
-0.13583233359309374
1.1649164397527554
-0.10673370858732413
0.3705339095538346
0.3220924078114302
0.1604265259329365
0.2103488544252839
0.7716175274735212
0.25021988786934696
0.7078024721992991
0.5288637634493376
-0.6837311713703986
1.5966104007223945
-0.3087492977153037
-0.6118387341833953
-0.1750775115847374
-0.5433920556494753
-0.7422426551923178
-0.9080322680627056
0.20661712004648614
0.40070239262241075
0.15107351957078585
-0.4680993124239777
-0.34494696422954485
0.42097276179814436
0.9620193603180671
0.4166104132986463
-0.022289941435141042
-0.9504390101641467
1.2291410507023435
-0.8059049789162586
0.24387022890014234
-1.0618033673654623
0.2548024933458456
-0.6593061277105247
0.817680334775664
-0.28951867014519633
-0.546470168690613
-4.1402532390687197E-4
-0.37310742961019705
0.683381631035635
0.0805897939462106
-1.091457312745108
0.33601846312798567
-0.1748490898613904
-0.33077296430612013
-0.3105768004878988
-1.276344192908171
-0.08584233936032015
-0.9026892407881342
-0.1501463593125028
0.11663527802035482
0.7439308024348809
-0.8953402782760569
-0.7384396416542655
0.08976955489599109
-1.0919336685131313
0.007899299666630055
0.5231897885917826
0.9618684446234078
-0.1300247604080651
-0.7749471660913845
-0.9028098445276255
0.7863678036529486
0.20845125483430943
-0.7130853697885042
0.45804985299044876
0.5082410493624863
-0.8123763961755329
-0.5839023894988582
0.018714287718223276
-1.0945811719845666
-0.008260042600451649
-0.5310966432095349
0.9630498181062752
-0.6663115310254158
1.2609982966514262
-0.45043646712678853
0.2472692221120399
0.8164993131976145
0.5362257921734412
0.26416208848330475
0.2664535295146561
-0.6252749719754449
0.9299404853539617
0.6760981245218081
0.3415871770222709
1.7556814369472098
1.2640396304136394
-0.98217208206911
-0.6077231320105988
-0.23642893709701818
0.6925889042530192
-1.4108473701653308
0.40334268321544997
-0.22731002235853626
0.5091906151823602
-0.7946188979039426
-0.9773800921526652
0.9514880708305682
0.19710790122671848
-0.2794440255456594
-0.3506226472995984
0.9325250068718527
0.6097929928247184
0.08386891041896617
-0.9480011250538556
0.05532324396711008
0.0426684671485795
-0.5160898627658592
-0.688402769434573
0.143619289717966
-0.3147629337352169
-0.09166019913488045
0.41721961696290905
0.48185209694561926
-0.5242850529061281
-0.09690932009059838
0.9595018276205962
0.4723773978554355
-0.7400920072534284
0.6453451971949369
-0.2894001225804599
-0.1648864047285964
0.616174918522959
-1.16368320180766
0.8634973369743453
-0.29592155749289334
0.5607233037327843
-0.07050436032648696
-0.13499928737664274
-0.38788699533671267
0.6236011834171761
-0.23836531309331765
0.6417403875505354
-0.36719023870838025
0.3552099811271067
0.7287698542646204
-0.5163850895952269
0.18983436968153233
-0.16888911944678053
-1.421556948903232
0.6760198413049388
-0.8013179174144811
-0.019013726359777244
0.5700124206484936
-0.7495410306548367
-0.8193184989045432
0.964802344415193
-1.1083016276765576
0.23087000660956594
1.5547266358723637
0.49954589617883594
0.8933527736617407
-0.2957054858299112
-0.10441363624066707
0.9538754817221211
-0.20555966205492893
0.26013316982164053
-0.7771775595902417
1.7481415562344649
-1.2646031670982083
0.2404134014956265
-0.7363087322967341
0.47851892735205803
0.7523472144725332
-1.4556835402416364
-0.14877750469287637
-0.5076579854543699
0.6174955328815591
0.9893316353198164
1.188712227073105
-0.9184307344389393
0.9746303158207184
1.1563690807460554
0.3892883188895797
-0.25572963100747004
-0.6112712479550048
-0.6113883975633063
-1.1613747250946633
0.459147090123476
0.7150060728693794
-1.179254508609259
-0.5178099285615424
0.6680047639028088
0.0038620692498248094
-0.5400746388193206
0.23287692999261028
0.22253845803613795
0.9588472250395257
0.004052587287956211
-1.3550594804765568
-0.4904378547182245
-0.4693995175218972
-0.5019889861569602
-0.13450310868738485
-0.08846919122487298
1.0789845751253926
0.1248555205156923
-0.6154096600545431
0.5545682004534711
-0.9965399175426758
-0.24040010717257898
0.33439916878280107
0.18037664580645804
-0.06319824030215959
-0.6832659287832981
1.0495950386757993
-0.058451948629101746
1.0147864269704674
0.6350827535763751
0.4922592434896345
1.15812231398055
0.18631774108725135
0.22554271666242665
-0.2057202905696123
-0.7755468064871189
-0.7520620869097332
0.46414077144685495
0.23906157059440405
-0.04885224517843023
0.9614795282111318
-0.8012838116159285
0.005104407622586557
-0.04787010507206905
-1.0639580299826366
-0.55935573563123
1.483675312955856
0.8854296950430608
0.3082652795438754
0.06843186286494385
-0.6221192230562737
0.28436644819743573
0.37935575387904213
-0.597858300807798
-0.3512554365084482
-0.8026243758263933
0.024101774048250313
-0.6788560075494542
-0.6712479650836096
-0.22473255055878377
-0.48766468778322114
0.6312167579421907
-0.4003781908069761
-0.0937477295817728
-0.33747775464447105
-0.8679673449085024
-7.818897366129781E-4
0.3587755675769805
-0.25838606918432355
-0.5329370727491836
0.15585152121223922
-0.1418702044134234
-0.4164140003858352
-0.6379790649761803
0.37734389155325604
-0.6001880312034581
-0.6525181280900485
-0.18748803986710175
-0.9864451303723629
0.26212163425809615
0.38593261913663
0.21863866376028906
-0.2639320956404033
0.04968336163092882
0.38937462649468985
-0.42932382758553095
-0.9438567174003375
0.07859847809153375
-0.6749401140921235
0.022938826857021227
0.9021513078035382